[0,151,152,153,154,155,156]
[1,37,43,40,45,47,140,151,128,153,106,49,73]
[2,38,43,40,46,44,140,151,152,128,153,107,106,50,74,49]
[3,39,43,40,45,47,140,152,128,153,107,75,50]
[4,37,43,40,46,44,140,141,129,106,108,73,51,76]
[5,38,43,40,45,47,140,141,129,107,106,109,108,74,52,77,51]
[6,39,43,40,46,44,140,141,129,107,109,75,78,52]
[7,37,43,40,45,47,141,142,130,108,110,76,53,79]
[8,38,43,40,46,44,141,142,130,109,108,111,110,77,54,80,53]
[9,39,43,40,45,47,141,142,130,109,111,78,81,54]
[10,37,43,40,46,44,142,143,131,110,112,79,55,82]
[11,38,43,40,46,47,142,143,131,111,110,113,112,80,56,83,55]
[12,39,43,40,45,44,142,143,131,111,113,81,84,56]
[13,37,43,41,46,47,143,144,132,112,114,82,57,85]
[14,38,43,41,45,44,143,144,132,113,112,115,114,83,58,86,57]
[15,39,43,41,46,47,143,144,132,113,115,84,87,58]
[16,37,43,41,45,44,144,145,133,114,116,85,59,88]
[17,38,43,41,46,47,144,145,133,115,114,117,116,86,60,89,59]
[18,39,43,41,45,44,144,145,133,115,117,87,90,60]
[19,37,48,41,45,47,145,146,134,116,118,88,61,91]
[20,38,48,41,46,44,145,146,134,117,116,119,118,89,62,92,61]
[21,39,48,41,45,47,145,146,134,117,119,90,93,62]
[22,37,48,41,46,44,146,147,135,118,120,91,63,94]
[23,38,48,41,45,47,146,147,135,119,118,121,120,92,64,95,63]
[24,39,48,41,46,44,146,147,135,119,121,93,96,64]
[25,37,48,42,45,47,147,148,136,120,122,94,65,97]
[26,38,48,42,46,44,147,148,136,121,120,123,122,95,66,98,65]
[27,39,48,42,45,47,147,148,136,121,123,96,99,66]
[28,37,48,42,46,44,148,149,137,122,124,97,67,100]
[29,38,48,42,46,47,148,149,137,123,122,125,124,98,68,101,67]
[30,39,48,42,45,44,148,149,137,123,125,99,102,68]
[31,37,48,42,46,47,149,150,138,124,126,100,69,103]
[32,38,48,42,45,44,149,150,138,125,124,127,126,101,70,104,69]
[33,39,48,42,46,47,149,150,138,125,127,102,105,70]
[34,37,48,42,45,44,150,139,126,103,71]
[35,38,48,42,46,47,150,139,127,126,104,72,71]
[36,39,48,42,45,44,150,139,127,105,72]